Sistema,Ambiente,Modulo,Pod,Error,Qtd,Hora,Minuto,Hash
spunet,spunet-pro,acervo-backend,acervo-backend-c84f8db5c-6lvqr,OOMKilled,1,5,45,19d9963e0460ed384a60ef724eb79ba0
spunet,spunet-pro,acervo-backend,acervo-backend-c84f8db5c-sjg2h,OOMKilled,1,5,45,1e300feefc2f05d7e69bbae4dd0a7bda
spunet,spunet-desacessos,acessos-core,acessos-core-cdbccd9bf-d8xth,OOMKilled,1,5,45,87bc0b395bac3bc8f3e3ce2f2fcf0539
spunet,spunet-homacessos,acessos-core,acessos-core-6cc78b8d56-v6j2n,OOMKilled,1,5,45,8aaf251a6c3d202fb00b0b8293be925c
spunet,spunet-proacessos,acessos-core,acessos-core-7dc8bc67d9-6hrhn,OOMKilled,1,5,45,2bff9b90e0fec059b42c8eb6aaefeda2
spunet,spunet-proacessos,acessos-core,acessos-core-7dc8bc67d9-jpxrd,OOMKilled,1,5,45,5bce731a5d824a483bc97709e0a42d6b
spunet,spunet-proacessos,acessos-core,acessos-core-7dc8bc67d9-vt6kb,OOMKilled,1,5,45,46d333295c2bf58475051a0be694790a
spunet,spunet-proacessos,acessos-core,acessos-core-7dc8bc67d9-vthmv,OOMKilled,1,5,45,7fcd33485aed4bb4158ec3f034758de3
siapa,siapa-des2,acomp-externo,acomp-externo-7784f5f797-rvvln,OOMKilled,1,5,45,8e2976d92fe136dca71fa23b2a1ecba1
govbrapi,govbrapi-p,acompanhamento,acompanhamento-557b9c57d5-gq4t2,OOMKilled,1,5,45,32d06160290bb67cb6214dd9dd42a961
govbrapi,govbrapi-p,acompanhamento,acompanhamento-557b9c57d5-lhpj6,OOMKilled,1,5,45,2391ff737882defa4563eed17a772494
govbrapi,govbrapi-p,acompanhamento,acompanhamento-557b9c57d5-pc5vq,OOMKilled,1,5,45,9010d7009f436c8ffd7493d6b2144943
govbrapi,govbrapi-p,acompanhamento,acompanhamento-557b9c57d5-rgzh6,OOMKilled,1,5,45,40b7dddd1a174cac504a9420d85ca25c
govbrapi,govbrapi-p,acompanhamento,acompanhamento-557b9c57d5-t5c7h,OOMKilled,1,5,45,c9109681286ac5a5eff92c297337d6dd
govbrapi,govbrapi-p,acompanhamento,acompanhamento-557b9c57d5-vd2sx,OOMKilled,1,5,45,dd66b2c03d5ed9d535d0eb653973720f
sinespcad,sinespcad-pro,agente-campo,agente-campo-6c8bcf7755-8b654,OOMKilled,1,5,45,53cccd0588c2674b637bde6d067add8a
sinespcad,sinespcad-pro,agente-campo,agente-campo-6c8bcf7755-8gtkj,OOMKilled,1,5,45,ade00c02ea18748ba95451d7b25d5fc8
sinespcad,sinespcad-pro,agente-campo,agente-campo-6c8bcf7755-lbhwc,OOMKilled,1,5,45,48120bd18b352f468a37fb5a99f5ffbd
sabia,sabia-p,aie-ws,aie-ws-5d66b9d8df-qmvlt,OOMKilled,1,5,45,c6aafa6fbf1601864788010791f061b7
datavalidp,datavalidp-pbsa,api,api-7cbbd47c97-j4mw9,OOMKilled,1,5,45,127dff8d2cf7bbac485c1403e62d2e7f
wssigecom-estaleiro,wssigecom-estaleiro-prod,api,api-55bd5679dc-z2bqj,OOMKilled,1,5,45,08d78701a80d1092ea67da86bfc11c98
biodata,biodata-d,api,api-549c579c68-9vw45,OOMKilled,1,5,45,91b6b8ee4d51be071d1361437bddf264
biodata,biodata-p,api,api-5754d67965-59xdb,OOMKilled,1,5,45,10469102e7823be3dc103dccc03075e6
biodata,biodata-p,api,api-5754d67965-ndjqw,OOMKilled,1,5,45,1761cfa0332109ad3bff0a8a3a3f4398
datavalidp,datavalidp-p,api,api-fb469c8f6-rd4kf,OOMKilled,1,5,45,82bb45ff076e7507ba483829f2acb386
datavalidp,datavalidp-p,api,api-fb469c8f6-ww8hq,OOMKilled,1,5,45,b7e06edfe7e622a0db01b651c73ab9c4
idpro,idpro-d,api,api-7fb66df696-npll4,OOMKilled,1,5,45,c563e9950efccf2cf4a16a5218f849be
idpro,idpro-h,api,api-55bb57df69-wt6j6,OOMKilled,1,5,45,582cc9b5a4e55d8e440f784d7a69af95
idpro,idpro-p,api,api-7b4c657bf8-bclwn,OOMKilled,1,5,45,86a13104edad21a01e6536fad094fb82
idpro,idpro-p,api,api-7b4c657bf8-gr7g9,OOMKilled,1,5,45,5b2bb4a81fedf850069fba34e41577a3
idpro,idpro-p,api,api-7b4c657bf8-hc6kt,OOMKilled,1,5,45,e8d969781c8c6cc5a45e05b7bc2be7ea
neoid,neoid-h,api,api-5dbf6d69dc-hrsnw,OOMKilled,1,5,45,1eb93ceb8faded11f5390f61b9dd2d7e
neoid,neoid-p,api,api-68bb77874-t6kg7,OOMKilled,1,5,45,b1f8f52fa1452b7e8953360270e86606
neoid,neoid-p,api,api-68bb77874-xh4lv,OOMKilled,1,5,45,6096e3488387e69289a82d654bce732f
gestaocomercial,gestaocomercial-p,api-contrato,api-contrato-5b959f6779-ndtxx,OOMKilled,1,5,45,3e0871d8f1ce700d4c5b82fccbb87e61
sigepe-servidor,sigepe-servidor-mon,api-grafana,api-grafana-f957966bc-l7xl2,OOMKilled,1,5,45,6e566b995a69570c5d7fd6972920b654
sigepe-servidor,sigepe-servidor-mon,api-prometheus,api-prometheus-7c5c76df4c-2rkpq,OOMKilled,1,5,45,dec4883e291046631f4ed7e8182ebd32
api-servicos,api-servicos-h,api-servicos,api-servicos-5dddc99c67-bbm7k,OOMKilled,1,5,45,b322eb4259ddba66613548c25367e421
api-servicos,api-servicos-h,api-servicos,api-servicos-5dddc99c67-fsgmw,OOMKilled,1,5,45,c6fb0e0896fc7b589cef1536a2691572
api-servicos,api-servicos-h,api-servicos,api-servicos-5dddc99c67-pt5nr,OOMKilled,1,5,45,1371c2fea1c59125a590236aa7a3a2ab
api-servicos,api-servicos-h,api-servicos,api-servicos-5dddc99c67-rgss9,OOMKilled,1,5,45,b89d5b17913215027cbe8bd3240cb83c
api-servicos,api-servicos-p,api-servicos,api-servicos-5c45687dfc-2hfcd,OOMKilled,1,5,45,cd5c24344d275410b8033a8dde274393
api-servicos,api-servicos-p,api-servicos,api-servicos-5c45687dfc-42rmr,OOMKilled,1,5,45,333a7f59f45d38d88829a6abd8b0e99c
api-servicos,api-servicos-p,api-servicos,api-servicos-5c45687dfc-4hn25,OOMKilled,1,5,45,a3f8c585374673e56c435cb4e724d4d1
api-servicos,api-servicos-p,api-servicos,api-servicos-5c45687dfc-4pbfh,OOMKilled,1,5,45,fc9afd683e9a92de8704ecdd648f7047
scaibama,scaibama-p,apicorp-sicafi,apicorp-sicafi-585455f69c-fkj5v,OOMKilled,1,5,45,190f3567226108b4ca13afe03af981a3
scaibama,scaibama-h,apicorp-sisreg,apicorp-sisreg-7f76f9864b-6pcrt,OOMKilled,1,5,45,4bfb525bf23f9cd330e01a7f176afbe3
scaibama,scaibama-p,apicorp-sisreg,apicorp-sisreg-885d4878b-9nhx9,OOMKilled,1,5,45,43d4a88fed848846e2581950924cd3c5
scaibama,scaibama-t1,apicorp-sisreg,apicorp-sisreg-86c658d578-6hxln,OOMKilled,1,5,45,450f07c575111de2d3f0072595b3f0da
iddigital,iddigital-h,apigerenciamento,apigerenciamento-8969fb69-k26bs,OOMKilled,1,5,45,7163d048510d82d1f4d53d46dec14d27
iddigital,iddigital-h,apigerenciamento,apigerenciamento-8969fb69-knglf,OOMKilled,1,5,45,1746813032fabb3b8a26288df73d4498
iddigital,iddigital-p,apigerenciamento,apigerenciamento-6d746cb877-nmcr8,OOMKilled,1,5,45,82a6b7d22aad584fddf02d7a38961b80
iddigital,iddigital-p,apigerenciamento,apigerenciamento-6d746cb877-q7n5v,OOMKilled,1,5,45,8ab57e96afe4e73158b2bd145438f331
iddigital,iddigital-p,apigerenciamento,apigerenciamento-6d746cb877-shxpv,OOMKilled,1,5,45,2552301435f4cb85f48a4e6da9bf2006
iddigital,iddigital-h,apimobile,apimobile-cd658c84c-4md9r,OOMKilled,1,5,45,cd86f021767b300def7b99a7bd55253f
iddigital,iddigital-h,apimobile,apimobile-cd658c84c-g4kp6,OOMKilled,1,5,45,9f2cd79358da433c9c52faecc829b0a6
iddigital,iddigital-p,apimobile,apimobile-766586f8c7-747k7,OOMKilled,1,5,45,33468e2e129ce28cd238ea4befdd8118
iddigital,iddigital-p,apimobile,apimobile-766586f8c7-dgjb6,OOMKilled,1,5,45,5121538ef3235a0d11b7fbeedff68da5
iddigital,iddigital-p,apimobile,apimobile-766586f8c7-q9l9n,OOMKilled,1,5,45,2287eb89726bc3710ca8e79322eab5a1
iddigital,iddigital-h,apiweb,apiweb-75b5bb9667-mdjtx,OOMKilled,1,5,45,130131aac1c08298f25e4300d2210ccb
iddigital,iddigital-h,apiweb,apiweb-75b5bb9667-qxjql,OOMKilled,1,5,45,c86f8951d8efed152b1bbc53ce4d5e46
iddigital,iddigital-p,apiweb,apiweb-84d6969fbd-bxxvm,OOMKilled,1,5,45,9bb78a6e9143f28a530ab9c4c1cf200f
iddigital,iddigital-p,apiweb,apiweb-84d6969fbd-g8vfl,OOMKilled,1,5,45,09298696ae5a56fb81c7179ae3906846
iddigital,iddigital-p,apiweb,apiweb-84d6969fbd-zsk9j,OOMKilled,1,5,45,08dc9c743fe9bfe71d50d7968e520965
keycloak,keycloak-p4,app,app-765b8dd954-krpf2,OOMKilled,1,5,45,51f3297ab78074209a3b466db4d005c9
keycloak,keycloak-p4,app,app-765b8dd954-q6xxp,OOMKilled,1,5,45,42bb3816e065a22511509097e93de1c5
pfauto,pfauto-d,area-gestor,area-gestor-c596f69c7-tkbjk,OOMKilled,1,5,45,ef2ee5271b2b246103950a0043d3cc39
pfauto,pfauto-h,area-gestor,area-gestor-dfb8998ff-jrvc6,OOMKilled,1,5,45,619cee7c5a12e73ba2e498fa16587010
pfauto,pfauto-p,area-gestor,area-gestor-89f8df8d-6tpr5,OOMKilled,1,5,45,6aad564ac0be50704b902b350c6a211d
pfauto,pfauto-p,area-gestor,area-gestor-89f8df8d-8dc2q,OOMKilled,1,5,45,98d51e0ec0b07dfc7728572ae7187a43
pfauto,pfauto-p,area-gestor,area-gestor-89f8df8d-vl5m5,OOMKilled,1,5,45,1f7e363d5c8b818ec4ad90d2dab46b72
pfauto,pfauto-p,area-gestor,area-gestor-89f8df8d-wlpwv,OOMKilled,1,5,45,cf2958d646c9c9737e41275836e8cb52
sida,sida-p,auth-api,auth-api-d66bcb756-bw2p8,OOMKilled,1,5,45,c49a8dd9b656db5aaf7793fc1376d009
cadmei,cadmei-prd,backend,backend-6dc8848567-blwck,OOMKilled,1,5,45,8571f415ed28ba4050c1b73ea8ad4ff5
cadmei,cadmei-prd,backend,backend-6dc8848567-cf2ps,OOMKilled,1,5,45,399bf70a6d54a91fb8894b391fe2a6c0
cadmei,cadmei-prd,backend,backend-6dc8848567-f88c9,OOMKilled,1,5,45,bfe48849f2a9db58b165711226c3c869
cadmei,cadmei-prd,backend,backend-6dc8848567-rdm98,OOMKilled,1,5,45,df9bbd3dc00462f7f1b0adb8a79a047c
cadmei,cadmei-prd,backend,backend-6dc8848567-rvkqx,OOMKilled,1,5,45,5a41c7480aff7751e4191d4e77831296
cnirsrvinter,cnirsrvinter-pro,backend,backend-7f46f55576-6jtl4,OOMKilled,1,5,45,e70f05e4ac43fd87540b3fbe30b9a02e
crio,crio-p,backend,backend-7db9fcf56c-jcrl5,OOMKilled,1,5,45,044de9fabb6581842b7b8d4572e13215
portalcadastro,portalcadastro-p,backend,backend-56bbcc849d-8c2pc,OOMKilled,1,5,45,3159ed6bf8c47820b4af7e0300f0e685
portalcadastro,portalcadastro-p,backend,backend-56bbcc849d-x5cbv,OOMKilled,1,5,45,6de414f2bb5abba77d77744687c603ef
siefproc,siefproc-p,backend,backend-76cbffcb9f-5ggkm,OOMKilled,1,5,45,243b90d98fdcf49e45c94f7d8beb6130
siefproc,siefproc-p,backend,backend-76cbffcb9f-rdcmn,OOMKilled,1,5,45,0412611e8cf53faaf614eee08df40d73
siefproc,siefproc-p,backend,backend-76cbffcb9f-t66qr,OOMKilled,1,5,45,c644d187a67090f81446d74abacf6970
siefproc,siefproc-p,backend,backend-76cbffcb9f-z86wx,OOMKilled,1,5,45,6353f9a8af627476527fe38dc71c9092
tratapfn,tratapfn-p,backend,backend-d46cf857-2ltgm,OOMKilled,1,5,45,c5b44044678e3a67ac0feeede1d36ffe
tratapfn,tratapfn-p,backend,backend-d46cf857-2wvq5,OOMKilled,1,5,45,cb1b05dd6e5462c13c5af7559fefc18e
tratapfn,tratapfn-p,backend,backend-d46cf857-9kphj,OOMKilled,1,5,45,5c31072e5626eb2bda58243ca13969bc
tratapfn,tratapfn-p,backend,backend-d46cf857-x6f7h,OOMKilled,1,5,45,03ec696c3db67789da401c85ff09ce24
cadastropessoafisica,cadastropessoafisica-p,backend-apoio,backend-apoio-6566b88778-zd4wh,OOMKilled,1,5,45,366e5155dde6846efb1ca4949fd27290
radarv2,radarv2-d,backend-denatran,backend-denatran-55799b5b94-rcp62,OOMKilled,1,5,45,c795de241b7e210c32e6a98a12825bcb
radarv2,radarv2-d2,backend-denatran,backend-denatran-78f7ffdd4d-wnlcx,OOMKilled,1,5,45,52acd4ac5397e35b8d41010a6ae6a832
radarv2,radarv2-p,backend-denatran,backend-denatran-5fb54f459c-2ghll,OOMKilled,1,5,45,2bfe097abd09fd6cfec7bfb11507389d
radarv2,radarv2-p,backend-denatran,backend-denatran-5fb54f459c-fm7rm,OOMKilled,1,5,45,ebfa6ffb054dcf9e2b61c0db9a6350ae
radarv2,radarv2-v1,backend-denatran,backend-denatran-7d6c9b97cf-8qb6s,OOMKilled,1,5,45,7c9ed3610d52bb4444769729ddf2aa61
radarv2,radarv2-v2,backend-denatran,backend-denatran-88b9cc848-d89nt,OOMKilled,1,5,45,191a5322726491de85a9c0b5be0f9352
radarv2,radarv2-v3,backend-denatran,backend-denatran-588f84bfd5-6skls,OOMKilled,1,5,45,abb4926ae037efd8e1fb8856e85550f3
inscrevefacil,inscrevefacil-p,backend-pedido,backend-pedido-6d5f998b7d-29glb,OOMKilled,1,5,45,5ddb93fed61c90bcd63bfa42f285a077
inscrevefacil,inscrevefacil-p,backend-pedido,backend-pedido-6d5f998b7d-mzcbl,OOMKilled,1,5,45,115ce59b3ffdc10b254799d60dfff991
radarv2,radarv2-d2,backend-renainf,backend-renainf-b9b976644-bfkcg,OOMKilled,1,5,45,ad487b6a26f11d2bf1d8564fc3bf117a
pgditr,pgditr-pro,barramento,barramento-7fc495cb48-bg42s,OOMKilled,1,5,45,2b6080c137e56cb4781e9747cdbb4189
pgditr,pgditr-pro,barramento,barramento-7fc495cb48-khlgt,OOMKilled,1,5,45,1322ed62063f3560679a18ed7355cfd1
pgditr,pgditr-pro,barramento,barramento-7fc495cb48-kpq9b,OOMKilled,1,5,45,84683a995fd0603531468812cd5f8779
pgditr,pgditr-pro,barramento,barramento-7fc495cb48-l9wzf,OOMKilled,1,5,45,1c69a76e092fc650ed6cb3e4f25a864c
pgditr,pgditr-pro,barramento,barramento-7fc495cb48-lsx4j,OOMKilled,1,5,45,faa6f6cb1e73836b3618859d7c9eebb3
pgditr,pgditr-pro,barramento,barramento-7fc495cb48-slgm5,OOMKilled,1,5,45,a1592856f4301606a7d6760418464d5e
renainfweb,renainfweb-h,base-corrente,base-corrente-6bbf4d578b-7g8sf,OOMKilled,1,5,45,ab4242f6c615f66bb975e096dfc692b4
renainfweb,renainfweb-p,base-corrente,base-corrente-65699b7dc9-46f75,OOMKilled,1,5,45,31661ba9659eaaa0fd73871b024a2e6d
renainfweb,renainfweb-p,base-corrente,base-corrente-65699b7dc9-5xggx,OOMKilled,1,5,45,12add5805ff50503086d135d60452560
renainfweb,renainfweb-p,base-corrente,base-corrente-65699b7dc9-9cr4h,OOMKilled,1,5,45,101d26df69eb7b60132fbe98c2a2269c
renainfweb,renainfweb-p,base-corrente,base-corrente-65699b7dc9-bclc5,OOMKilled,1,5,45,75fa03c81ac70fdc823fdb76530b15b3
renainfweb,renainfweb-p,base-corrente,base-corrente-65699b7dc9-g6pl9,OOMKilled,1,5,45,c4e818920c4a933a16c40100bff966fe
renainfweb,renainfweb-p,base-corrente,base-corrente-65699b7dc9-rqvxj,OOMKilled,1,5,45,1447ae1ceb8e660282d1a06fe8c663fe
renainfweb,renainfweb-p,base-corrente,base-corrente-65699b7dc9-zmwkq,OOMKilled,1,5,45,fcf99fe992b9bf6bf8a761682d4bdc1a
serprobots,serprobots-p,bot-certificacao-digital-p,bot-certificacao-digital-p-8487bb5474-m2gdf,OOMKilled,1,5,45,04d0461cca048bbeab128b860775dc73
serprobots,serprobots-p,bot-chatbot-sougov-login-p,bot-chatbot-sougov-login-p-5598958f8c-52g2r,OOMKilled,1,5,45,25c053959e7ba3cbc547fc50cebbb62a
serprobots,serprobots-p,bot-chatbot-supop-2022-p,bot-chatbot-supop-2022-p-6db4fd7676-kcbfl,OOMKilled,1,5,45,352043730de64b2f0676cbb9f705f778
sinespcad,sinespcad-hom,cad-configuracao-interno,cad-configuracao-interno-649899865d-h76xv,OOMKilled,1,5,45,9124730971c28d6b1b54f29497afdf59
sinespcad,sinespcad-des,cad-equipe-servico,cad-equipe-servico-7cdf5dbf78-bdsrl,OOMKilled,1,5,45,6e0ee2ca8fa841768c9af8fe3f527f3c
sinespcad,sinespcad-hom,cad-ocorrencia-servico,cad-ocorrencia-servico-5ddfd4dc76-bmsnp,OOMKilled,1,5,45,d7ed64e9629468c068ef357c506601ff
sinespcad,sinespcad-des,cad-proxy,cad-proxy-6b8c764796-rmf9f,OOMKilled,1,5,45,dd3e9910a2675cc63eb8b00d8844e9b0
sinespcad,sinespcad-hom,cad-proxy,cad-proxy-69f4f4654f-4pxb5,OOMKilled,1,5,45,cde2d3aaf6cce94aeddd512c23c07505
caepf,caepf-p,caepf-servico,caepf-servico-85cd77d95-jj6wf,OOMKilled,1,5,45,e9f0ddf0cec30c489bff7506bc66293e
caepf,caepf-p,caepf-servico,caepf-servico-85cd77d95-qqpwj,OOMKilled,1,5,45,b9f8cb7271f8555080d0ebb4f3538f25
caepf,caepf-p,caepf-servico,caepf-servico-85cd77d95-v4zh8,OOMKilled,1,5,45,4c01a2854ff2575ca9c18b9b53dac173
ecacpgfn,ecacpgfn-p,caixa-mensagens-api,caixa-mensagens-api-794774d586-5bgt8,OOMKilled,1,5,45,d9396bca78282b712fe7705196e6e7f1
ecacpgfn,ecacpgfn-p,caixa-mensagens-api,caixa-mensagens-api-794774d586-fnmt6,OOMKilled,1,5,45,e6b23af2f024a243d94034a480afeabb
ecacpgfn,ecacpgfn-p,caixa-mensagens-api,caixa-mensagens-api-794774d586-sg4dd,OOMKilled,1,5,45,ed0756aa88b842e68ae9049bcd9959ed
ecacpgfn,ecacpgfn-p,caixa-mensagens-api,caixa-mensagens-api-794774d586-zgdsm,OOMKilled,1,5,45,d5e14e6398290a3f45dfef7588fb3ac8
kube,kube-system,calico-kube-controllers,calico-kube-controllers-7d8c8cf855-nj5bf,OOMKilled,1,5,45,bfaf120d629d83c0ec15a648c0f7b521
carteiradigital,carteiradigital-p,central-mensagens,central-mensagens-54fbb44ff4-62lb8,OOMKilled,1,5,45,b29ce869b41cda0cfe6e34eced396527
carteiradigital,carteiradigital-p,central-mensagens,central-mensagens-54fbb44ff4-csr7j,OOMKilled,1,5,45,b7a9d845e65e85ed7c63baa6e9829d6f
carteiradigital,carteiradigital-p,central-mensagens,central-mensagens-54fbb44ff4-x9hns,OOMKilled,1,5,45,759f3933dae141ee93573762c40154e6
esmon,esmon-pr,ceph,ceph-6465966654-522tn,OOMKilled,1,5,45,ac4147a913ea1e5803578bea8ee4d1bc
kpiweb,kpiweb-d,ceph-rest,ceph-rest-68b9b96948-gz7lm,OOMKilled,1,5,45,acdc688df9669b8132ba92026c281ff5
api,api-estaleiro,ceph-service,ceph-service-5fb6b68fbf-9gtsp,OOMKilled,1,5,45,629da5ef52539c5960ac319307810444
nfse,nfse-prest,certificate-validator-service,certificate-validator-service-8fd48cb75-5f7bc,OOMKilled,1,5,45,7add6ebefdc7c0db6c19e8ca45c39da5
sabia,sabia-p,cetas-api,cetas-api-54bb996b64-gm4gj,OOMKilled,1,5,45,01847b176dacb67a46131d4264b180ed
chatrfb,chatrfb-p,chatrfb-api,chatrfb-api-64b5fdf464-2qn4c,OOMKilled,1,5,45,e2af1bae1762b888740cd09e5fbc0c0d
chatrfb,chatrfb-p,chatrfb-api,chatrfb-api-64b5fdf464-lntrz,OOMKilled,1,5,45,2eafe69d59f33381cb2fdf0265ef24da
chatrfb,chatrfb-p,chatrfb-api,chatrfb-api-64b5fdf464-mltvb,OOMKilled,1,5,45,afcc5416ba51bfe8955a63a629bbc595
chatrfb,chatrfb-p,chatrfb-api,chatrfb-api-64b5fdf464-mspjb,OOMKilled,1,5,45,b94575a709bf9266f78e9e08db37112a
chatrfb,chatrfb-p,chatrfb-api,chatrfb-api-64b5fdf464-sb78p,OOMKilled,1,5,45,45e9b8079a00bf48d0cfd4ce069c2073
chatrfb,chatrfb-p,chatrfb-api,chatrfb-api-64b5fdf464-v2mp8,OOMKilled,1,5,45,bdd2c29cbd9bd817bbef2d7b8f1d4802
chatrfb,chatrfb-p,chatrfb-api,chatrfb-api-64b5fdf464-vj4mb,OOMKilled,1,5,45,53536877a366726972e6dff03c22533f
chatrfb,chatrfb-p,chatrfb-api,chatrfb-api-64b5fdf464-vsnhp,OOMKilled,1,5,45,174aa0366c24eea00b1faaa8aa572d81
chatrfb,chatrfb-mon,chatrfb-prometheus,chatrfb-prometheus-7945496659-ncfcz,OOMKilled,1,5,45,cb3293284d87f614d86448b1b2f84439
cipi-des,cipi-des-t,cipi-backend,cipi-backend-84d95f76c-fdjwz,OOMKilled,1,5,45,7c2fd794e18dca1c34753e3a00aaba99
cipi,cipi-pro,cipi-backend,cipi-backend-5658f4bcd9-7xnzf,OOMKilled,1,5,45,43cf6a4fe96facb3cd904fff5dbf4f6b
cipi,cipi-pro,cipi-backend,cipi-backend-5658f4bcd9-f8c2j,OOMKilled,1,5,45,a09675328c6311bb6174b26a01e3727b
cipi-des,cipi-des-t,cipi-cipiws,cipi-cipiws-c5f9c6c67-bml5j,OOMKilled,1,5,45,9c1b8642888155c0d70710289a56b705
cipi,cipi-pro,cipi-cipiws,cipi-cipiws-8598cbc5b9-4q9tc,OOMKilled,1,5,45,adb9cd99e20b6afcae5ac98d30883370
carneleaoweb,carneleaoweb-mon,clweb-prometheus,clweb-prometheus-7f4c6469cd-zq7pf,OOMKilled,1,5,45,60d03626d732bb7f9a82eb576c02070b
cnbs,cnbs-p,cnbs-api,cnbs-api-6c6d4c6b8c-bpznp,OOMKilled,1,5,45,27c0744420686c738b243adcb8d222a9
irpfonline,irpfonline-t,compatibilidade-app-backend,compatibilidade-app-backend-6c74c7bb76-pq8b9,OOMKilled,1,5,45,9e539f5934e1fd7222f9ea7b29915f8e
reinf,reinf-pre,componente-cert-validator,componente-cert-validator-859b94b485-njp99,OOMKilled,1,5,45,80c7807f75dce20bacf93be811a820e5
irpfmx-cronogramas,irpfmx-cronogramas-prod,conciliacao-cron,conciliacao-cron-1666437480-mrn59,OOMKilled,1,5,45,1efd877ce610b8bb745706623817e495
consentrfb,consentrfb-dev,consentimento-estatisticas,consentimento-estatisticas-589f99c667-rsxx2,OOMKilled,1,5,45,0d0504c41f8b223c41087afd0810cac8
consentrfb,consentrfb-hom,consentimento-estatisticas,consentimento-estatisticas-58b9876b57-w9gks,OOMKilled,1,5,45,1c643a56aee54c2934618bf0a635ee09
handson,handson-foc,console-couchdb,console-couchdb-5fbfbddd64-zhdwz,OOMKilled,1,5,45,57792b85856a56e2cccf0f062b7add16
psdenatran,psdenatran-p,console-sql,console-sql-67c6b9f4ff-kxd4b,OOMKilled,1,5,45,200eed9353178ba47d97b1fd78c78d1d
siscat,siscat-p,console-sql,console-sql-68955d986f-cdvs8,OOMKilled,1,5,45,896e0a6596d7cf577ab1aa2135d1974a
wsdenatran,wsdenatran-prospo,console-sql,console-sql-5c7cd5b465-gdmtf,OOMKilled,1,5,45,eb6ed4d5b2be62c8186d1533a1f62aff
api-consulta-ccir,api-consulta-ccir-p,consulta-ccir-back,consulta-ccir-back-5d8978547f-w59q9,OOMKilled,1,5,45,916acaab3126956e254bcc8c33efa090
conspersief,conspersief-sim,consulta-perdcomp-batch,consulta-perdcomp-batch-6fc6fc795c-x54pk,OOMKilled,1,5,45,0316f605c7d9bfaea0dd29d541534bd3
conspersief,conspersief-v,consulta-perdcomp-batch,consulta-perdcomp-batch-7d6df64948-bwg68,OOMKilled,1,5,45,b834996580f1b0cf534ca00c68a81527
consultacnpj,consultacnpj-production,consulta-publica-cnpj-backend,consulta-publica-cnpj-backend-6657d5b7c7-l45km,OOMKilled,1,5,45,ebda581a6242edae8d75dceaae626b1c
siefreceitasweb,siefreceitasweb-p,consulta-site-rfb-backend,consulta-site-rfb-backend-7b748d5449-7npgp,OOMKilled,1,5,45,ea68f65a84545786084979be0a5e9e60
sijus,sijus-d,consultivo-backend,consultivo-backend-777b866d8d-97vf8,OOMKilled,1,5,45,18edf011ac1ddbaae5777221b4642516
credencia,credencia-p,credencia-ws,credencia-ws-d77c6b9d5-pjzmf,OOMKilled,1,5,45,e937a1c8760bcbd9e649ba374c6d18c1
credencia,credencia-p,credencia-ws,credencia-ws-d77c6b9d5-s8c7q,OOMKilled,1,5,45,294844a34a1731d6a67cd085016cc131
credencia,credencia-p,credencia-ws,credencia-ws-d77c6b9d5-snw9t,OOMKilled,1,5,45,7b5d4ae9e4dfca5c0b6debdd49cfaaed
credencia,credencia-pi,credencia-ws,credencia-ws-7ccdc59dc4-lcvn9,OOMKilled,1,5,45,0375e632710ae9accbb6b5f61af6f344
credencia,credencia-pi,credencia-ws,credencia-ws-7ccdc59dc4-shkd9,OOMKilled,1,5,45,bff65d484ae8ce87a64ab6e073c7355a
credencia,credencia-pi,credencia-ws,credencia-ws-7ccdc59dc4-x45cr,OOMKilled,1,5,45,100e8b1d149432082a8ce477234a6f46
credimei,credimei-mon,credmei-prom,credmei-prom-85c464bf97-dn7kj,OOMKilled,1,5,45,7543f744dcddd3093fe56077341f9c12
mdmservices,mdmservices-v,dado-referencia,dado-referencia-79f8b9c4dc-c79bf,OOMKilled,1,5,45,b45dcf13012747e3cc57f3092427d110
labcta,labcta-dedatsearch,dedatsearch-elastic,dedatsearch-elastic-68c8477bd9-6trts,OOMKilled,1,5,45,80b7b49d685108690d30af3610180ff1
labcta,labcta-dedatsearch,dedatsearch-prometheus,dedatsearch-prometheus-779c569c5-zfftb,OOMKilled,1,5,45,e51d8355d7caaf257544c8364485befc
carteiradigital,carteiradigital-p,denatrandigital-backend,denatrandigital-backend-7bf997d5b-8kwzh,OOMKilled,1,5,45,2eda9e20b2e3185277393aacdf1b7c8e
carteiradigital,carteiradigital-p,denatrandigital-backend,denatrandigital-backend-7bf997d5b-9dchh,OOMKilled,1,5,45,43e087e07a6ea3f05fb4f84d087a034a
carteiradigital,carteiradigital-p,denatrandigital-backend,denatrandigital-backend-7bf997d5b-brhh5,OOMKilled,1,5,45,5c89a1a9ae9b5431aa81351f6439713a
carteiradigital,carteiradigital-p,denatrandigital-backend,denatrandigital-backend-7bf997d5b-fqpg2,OOMKilled,1,5,45,d25ce868bff2b63021b922ea2eb8b5af
carteiradigital,carteiradigital-p,denatrandigital-backend,denatrandigital-backend-7bf997d5b-jlmsm,OOMKilled,1,5,45,b591bac25ba1261c8bcedbe1e900a27f
carteiradigital,carteiradigital-p,denatrandigital-backend,denatrandigital-backend-7bf997d5b-k4s9n,OOMKilled,1,5,45,b1952a4e6d80582a155cedd84e69a93c
carteiradigital,carteiradigital-p,denatrandigital-backend,denatrandigital-backend-7bf997d5b-kg6lh,OOMKilled,1,5,45,910022684a225515d59db51835b4692e
carteiradigital,carteiradigital-p,denatrandigital-backend,denatrandigital-backend-7bf997d5b-nwj94,OOMKilled,1,5,45,b1aea498942a02e6d2f3936af090f00b
carteiradigital,carteiradigital-p,denatrandigital-backend,denatrandigital-backend-7bf997d5b-t8crs,OOMKilled,1,5,45,8b6b98000e1b91c03260dd80944160ad
carteiradigital,carteiradigital-p,denatrandigital-backend,denatrandigital-backend-7bf997d5b-wgdg5,OOMKilled,1,5,45,70ee3470a7bd72e4ed5254cc5f6857f4
dolme,dolme-p,dme,dme-5b84b7bc87-6w8mm,OOMKilled,1,5,45,95aa1433dd8a66eb37a095ceb57bdc91
dolme,dolme-p,dme,dme-5b84b7bc87-bfjc5,OOMKilled,1,5,45,0ed590b782935bdfce71f5241b4d332a
dolme,dolme-p,dme,dme-5b84b7bc87-nsg4z,OOMKilled,1,5,45,52a651c36034451d657a9c03dcc551a8
dolme,dolme-p,dme,dme-5b84b7bc87-wjzcp,OOMKilled,1,5,45,f95439f9d686bf5235a1aff844c8b154
scaibama,scaibama-h,dominio-ibama,dominio-ibama-7f64768f7b-ntrgq,OOMKilled,1,5,45,6568ca97eb327c752595ee1f70f20cde
scaibama,scaibama-p,dominio-ibama,dominio-ibama-fd5f57b6b-smrdv,OOMKilled,1,5,45,60cd016b26a5b1f6a952d62ef3716b74
dpvat,dpvat-hom,dpvat-database-migrations,dpvat-database-migrations-8544bcdd4d-bshxw,OOMKilled,1,5,45,b53600edb69cc7e57cd99dc3711db5b4
dpvat,dpvat-pro,dpvat-database-migrations,dpvat-database-migrations-68b444d8dc-25xbd,OOMKilled,1,5,45,bc90b7ef1d60f186638d9f342cb43058
dte,dte-p,dte-rest,dte-rest-5744c66657-85f9b,OOMKilled,1,5,45,882341733a295c913e3e930d9e9b7bde
dte,dte-t,dte-rest,dte-rest-5fddbcd5cb-x7nqr,OOMKilled,1,5,45,c6c10b539d274ee70a71291cfe654c4f
dte,dte-v,dte-rest,dte-rest-777888f855-tt6cm,OOMKilled,1,5,45,a5d4045903c4dc357daf3cdd61c03e80
ibmmqcorp,ibmmqcorp-h,e-sp-corp-08276-1,e-sp-corp-08276-1-7cdb64cbcc-twjzw,OOMKilled,1,5,45,e556eb1c37ffa614a4635024a6ea67a4
ibmmqcorp,ibmmqcorp-h,e-sp-corp-92116-1,e-sp-corp-92116-1-cf846f7b9-82xr4,OOMKilled,1,5,45,25371f7aaf836c5bbb5af61c36169dd8
ibmmqcorp,ibmmqcorp-h,e-sp-corp-92116-2,e-sp-corp-92116-2-559468f6fc-wlg9z,OOMKilled,1,5,45,2dd930f677a74b5146028908126cf992
ibmmqcorp,ibmmqcorp-h,e-sp-corp-92116-3,e-sp-corp-92116-3-646465c4bf-z7dgn,OOMKilled,1,5,45,e628e932d2f78a92c38fc7e703e7388a
ecffaturamento,ecffaturamento-p,ecf-faturamento-extrator,ecf-faturamento-extrator-85586865fc-h7rvz,OOMKilled,1,5,45,598eec931c500c50413792e98f9ffab5
ecffaturamento,ecffaturamento-p,ecf-faturamento-extrator,ecf-faturamento-extrator-85586865fc-r9vmr,OOMKilled,1,5,45,61bc076e8684524595a2ed7ff8d03577
efinanceira,efinanceira-pro,efinanceira-painel,efinanceira-painel-7fbb84b668-frtsp,OOMKilled,1,5,45,cef12e7a2f5dd43f6abf32b94a40417b
serprodata,serprodata-mon,elasticsearch-serprodata,elasticsearch-serprodata-7568799fc-cccgl,OOMKilled,1,5,45,cb5a7a3d9c24b2304dd9ea3390253a73
emplaca,emplaca-p,emplacaws,emplacaws-5dd978c968-52d22,OOMKilled,1,5,45,9f1154690a967d59eba4e1b42d0dfa1a
emplaca,emplaca-p,emplacaws,emplacaws-5dd978c968-828b4,OOMKilled,1,5,45,81d9e3145a81670df774c26304dc15dd
emplaca,emplaca-p,emplacaws,emplacaws-5dd978c968-9q982,OOMKilled,1,5,45,ea8a00264510628537ee01b47b95a631
emplaca,emplaca-p,emplacaws,emplacaws-5dd978c968-pn7nt,OOMKilled,1,5,45,560777a8d38b2bdd662a4db3b6c1acd7
posvendas,posvendas-encurtadoren,encurtadorurl,encurtadorurl-66f68f664f-5rvcs,OOMKilled,1,5,45,e5dab8926211767297e36c00fd0e278f
posvendas,posvendas-encurtadores,encurtadorurl,encurtadorurl-6c69d4d5f-b4g2q,OOMKilled,1,5,45,988efcbba665544c1325d8ca742b589b
posvendas,posvendas-encurtadorp,encurtadorurl,encurtadorurl-67bfcb49d9-clkjt,OOMKilled,1,5,45,f0f27baff2e6851066dea5b7309dbc67
app-receita-federal,app-receita-federal-p,entreposto,entreposto-5f768cdb69-8b9m5,OOMKilled,1,5,45,d36dfb4593cec4fd2fc0bcb98d315d8e
app-receita-federal,app-receita-federal-p,entreposto,entreposto-5f768cdb69-cjjqd,OOMKilled,1,5,45,1a5c5c5f34b135dc25ebfa0eea0b16c5
app-receita-federal,app-receita-federal-h,entreposto-importador,entreposto-importador-86bbf5d6cf-d4n2h,OOMKilled,1,5,45,c6e938cd032fab89537d05c750866539
siconv,siconv-d,ep-mock-acessogovbr,ep-mock-acessogovbr-5fd968c446-b5jnb,OOMKilled,1,5,45,1d9dd5c84b1e1fd42e7afa90654dd1d3
embarqueseguro,embarqueseguro-p,es-api-remove-data,es-api-remove-data-1664938860-klsv5,OOMKilled,1,5,45,d3463ea1e0382cdd14159e8b7972d98b
embarqueseguro,embarqueseguro-p,es-api-remove-data,es-api-remove-data-1665025260-47bsj,OOMKilled,1,5,45,0d687b7137b67bac650b053ec1f4f48b
embarqueseguro,embarqueseguro-p,es-api-remove-data,es-api-remove-data-1665111660-sdmxj,OOMKilled,1,5,45,82e7c256c98e125d27cc1255f361d3bb
pucomex-gris-rfb,pucomex-gris-rfb-pro,eventos-informativos,eventos-informativos-5fb89d879c-6gs9x,OOMKilled,1,5,45,772ded558f2268023fa97635ef272862
pucomex-gris-rfb,pucomex-gris-rfb-pro,eventos-informativos,eventos-informativos-5fb89d879c-spwxc,OOMKilled,1,5,45,d7355c9ba64047dc7c92cfb789854148
pucomex-gris-rfb,pucomex-gris-rfb-pro,eventos-informativos,eventos-informativos-5fb89d879c-x7qvj,OOMKilled,1,5,45,53d95b95aafa01e8a1f4d0744c15ee76
pucomex-gris-rfb,pucomex-gris-rfb-tre,eventos-informativos,eventos-informativos-575655c779-zn8gs,OOMKilled,1,5,45,3e02c7a0fddb4117d7468138b114036a
kafkacorp,kafkacorp-des,exporter,exporter-57bf4bc99b-kj52l,OOMKilled,1,5,45,5b7a1f8bd82995b6fa70829f5711f4c7
kafkacorp,kafkacorp-hom,exporter,exporter-7fdc5bb6c8-jgbg4,OOMKilled,1,5,45,d0455a2887eb9942e471f69b912c0025
kafkacorp,kafkacorp-lab,exporter,exporter-56549d6696-nrgzj,OOMKilled,1,5,45,5515ee04600342ca3a2899d2f412e964
kafkacorp,kafkacorp-prod,exporter,exporter-f7cdb8c5b-244q4,OOMKilled,1,5,45,5099f58313cd9cc5e2ee232fe8dfd88e
gitcorporativo,gitcorporativo-extratordes,extrator-git-python,extrator-git-python-7459885875-w9rkb,OOMKilled,1,5,45,19d62111dc6900bfc820e0d4fc5a2f50
assiste,assiste-p,fileapi,fileapi-699b78f98c-c6hgj,OOMKilled,1,5,45,8e1661dc2a46d190762c0085c1ca8264
fiscdenatran,fiscdenatran-fistranpro,fistran,fistran-7dd84bb545-sm7t9,OOMKilled,1,5,45,3680a99eebd2ca5e5dc5043db0e730ee
fiscdenatran,fiscdenatran-fistranpro,fistran-condutor,fistran-condutor-67458d6c-fpfkf,OOMKilled,1,5,45,3d8356f7f922ce744de3bed495084197
fiscdenatran,fiscdenatran-fistranpro,fistran-condutor,fistran-condutor-67458d6c-hmnnf,OOMKilled,1,5,45,13f3fd51558fe026741264eb0e36dbe3
fiscdenatran,fiscdenatran-fistranpro,fistran-condutor,fistran-condutor-67458d6c-wdvj7,OOMKilled,1,5,45,86428e28d097b56189e42cb11bce65ba
fiscdenatran,fiscdenatran-fistranpro,fistran-gateway,fistran-gateway-5c8445867d-42cv9,OOMKilled,1,5,45,30968cdfbf0f2364fd70f8223c5e9dd3
fiscdenatran,fiscdenatran-fistranpro,fistran-gateway,fistran-gateway-5c8445867d-5kl5s,OOMKilled,1,5,45,7387fcbd3cdcc72c04cbfaf7d1e8917a
fiscdenatran,fiscdenatran-fistranpro,fistran-gateway,fistran-gateway-5c8445867d-b8x5w,OOMKilled,1,5,45,80f1cbbb09d053fb86f35de87fe481c2
fiscdenatran,fiscdenatran-fistranpro,fistran-gateway,fistran-gateway-5c8445867d-hwnzd,OOMKilled,1,5,45,a1f6f3e8af986d3c9f98890c0fcd1f04
fiscdenatran,fiscdenatran-fistranpro,fistran-gateway,fistran-gateway-5c8445867d-mhhsp,OOMKilled,1,5,45,ba1caa808a2dae66579acb6a14eb2fa9
cadmei,cadmei-prd,gerenciamei-backend,gerenciamei-backend-c75488b96-6xscq,OOMKilled,1,5,45,ff862bbc13e87d45d3bc383b88736c64
apexdata,apexdata-mon,grafana,grafana-575b7b9d8c-7fvpv,OOMKilled,1,5,45,7f68cf78b3a9c5e13c6986981ff8981d
bilcd,bilcd-mon,grafana,grafana-6dd66df8fc-r7879,OOMKilled,1,5,45,1457559cc9eace85bfa102b973d26b2f
centraldebalancos,centraldebalancos-mon,grafana,grafana-75f6656557-znpbw,OOMKilled,1,5,45,d837f5b824adecbadaa689fe433b6e34
custos,custos-mon,grafana,grafana-59d687b8df-rqt24,OOMKilled,1,5,45,d8e79c41b1bc32cc5cfc37731fd36ac3
ecffaturamento,ecffaturamento-mon,grafana,grafana-794bd46b85-v4c92,OOMKilled,1,5,45,18034c4e1ce35ad9551ccfc16b1d2543
nfse,nfse-mon,grafana,grafana-dfcfbd454-wf6rf,OOMKilled,1,5,45,5395e21c49e1dc3e193c6c62d92693e8
psdenatran,psdenatran-mon,grafana,grafana-644c85f9bf-s2rfd,OOMKilled,1,5,45,4b0f628e924dcaa4e11573835f1a443f
sinespcad,sinespcad-mon,grafana,grafana-76d4648ff6-ngbmt,OOMKilled,1,5,45,cd4428195bf82c26f5d9449b2ede4467
sinespppe,sinespppe-mon,grafana,grafana-5fcd7b4664-k7plq,OOMKilled,1,5,45,3338acc4232c1128aa023fa618e8aeaf
tseicn,tseicn-monitoracao,grafana,grafana-84c85bc764-vdvqg,OOMKilled,1,5,45,1588f3a6ca26e2aad24cdb48f7625733
ecac,ecac-mon,grafana-ecac,grafana-ecac-59b59767f4-8h5qf,OOMKilled,1,5,45,850213d6619f5b5988855ceb3ab7153d
dedat,dedat-green,green-influx,green-influx-7899d94666-c2v7g,OOMKilled,1,5,45,54ffc2d0fa9e061d5c16a2ff213759e1
carneleaoweb,carneleaoweb-mon,grf-clweb,grf-clweb-c685858c9-st9gw,OOMKilled,1,5,45,45b8a2434289eef703c4d8e3c532c038
receitadata,receitadata-mon,grfa,grfa-867bcf95b-n4tq6,OOMKilled,1,5,45,41cdd760692abfe49b02499d093c8e33
carteiradigital,carteiradigital-d,habilitacao,habilitacao-78f54c6449-ng6hl,OOMKilled,1,5,45,0a6f8972b9922da46a3f590cd46a9524
carteiradigital,carteiradigital-h,habilitacao,habilitacao-645b747499-nk2g8,OOMKilled,1,5,45,06b85e0c76651fed72282df27be1628e
carteiradigital,carteiradigital-p,habilitacao,habilitacao-7b8b5b98c-bvjqg,OOMKilled,1,5,45,15912d3818a542737215d7abf1cdfa5c
carteiradigital,carteiradigital-p,habilitacao,habilitacao-7b8b5b98c-ff6wk,OOMKilled,1,5,45,20bd5c2a4a46e76c3037f7d7e7f47eeb
esmon,esmon-pr,haproxy2,haproxy2-6996c66844-nj59q,OOMKilled,1,5,45,7f85198afaa0936088af8984235b2f6d
sfitweb,sfitweb-d,hasura-console,hasura-console-7b9799cd4b-dgw4s,OOMKilled,1,5,45,2384f0cebed0d4470cebda6619d523dc
dctfwebcompleta,dctfwebcompleta-pro,htmlpdfrenderer,htmlpdfrenderer-fb9849678-h8p54,OOMKilled,1,5,45,abf3d915f568551f99e0d40e015ee7f5
dctfwebcompleta,dctfwebcompleta-pro,htmlpdfrenderer,htmlpdfrenderer-fb9849678-jqrd9,OOMKilled,1,5,45,40770a12e3ea44ea0f95f96b9b3b5f50
dctfwebcompleta,dctfwebcompleta-pro,htmlpdfrenderer,htmlpdfrenderer-fb9849678-x2cc4,OOMKilled,1,5,45,fdffc2a716342c88f07961400ffdd427
spunet,spunet-pro,incorporacao-backend,incorporacao-backend-65cddfcf5b-hzzkl,OOMKilled,1,5,45,abb49e82bc756062b852e56884ac1e3a
inovasimples,inovasimples-p,inovasimples-api,inovasimples-api-569968b4fb-sjngq,OOMKilled,1,5,45,21f6fbca80c3b8f84734ae05064c7a83
integra-esapli,integra-esapli-prod,integra-backend,integra-backend-8d9d9d547-8c24b,OOMKilled,1,5,45,8de21ee9bc70d58a874eb46ce96c6b01
sinesp,sinesp-prod,integracaobnmpservice,integracaobnmpservice-74d778fc5c-krwpr,OOMKilled,1,5,45,472477b3cc59729dbc9bed21e8ac6371
spunet,spunet-pro,integrador-backend,integrador-backend-7f5659fc5c-b6jkm,OOMKilled,1,5,45,6e87b9943f24b5e6880522846ec6022b
spunet,spunet-pro,integrador-backend,integrador-backend-7f5659fc5c-g2jlp,OOMKilled,1,5,45,953559e69059b8e5a8ae4b94c7257c37
renainfweb,renainfweb-p,integrador-consulta,integrador-consulta-9db846f8-4kfls,OOMKilled,1,5,45,c7ead78fcf841c77bc6c23cc3aee5e46
renainfweb,renainfweb-p,integrador-consulta,integrador-consulta-9db846f8-b7s5c,OOMKilled,1,5,45,a3934db0613305b12b034fcccce0125c
renainfweb,renainfweb-p,integrador-consulta,integrador-consulta-9db846f8-bg6mt,OOMKilled,1,5,45,d1deafd475e555f860450d2c97ede9f7
renainfweb,renainfweb-p,integrador-consulta,integrador-consulta-9db846f8-clnl8,OOMKilled,1,5,45,8b56c0e7a8c179491cf11946ad853967
renainfweb,renainfweb-p,integrador-consulta,integrador-consulta-9db846f8-crhmg,OOMKilled,1,5,45,2eaf933c66aa19ae84581bc006b422e7
renainfweb,renainfweb-p,integrador-consulta,integrador-consulta-9db846f8-dblfv,OOMKilled,1,5,45,8d61fe8fa7687d6319e4e1820d5ed11a
renainfweb,renainfweb-p,integrador-consulta,integrador-consulta-9db846f8-jl2cv,OOMKilled,1,5,45,84db375ec323e2d082fb316f043a3617
renainfweb,renainfweb-p,integrador-consulta,integrador-consulta-9db846f8-qv8d2,OOMKilled,1,5,45,741a776368f0a728ef32c24dd79fe02c
renainfweb,renainfweb-p,integrador-consulta,integrador-consulta-9db846f8-xmdqx,OOMKilled,1,5,45,950567824e5717623d7bf6da17ee44b3
svpc,svpc-h,integrador-neoid,integrador-neoid-5ddb4f5949-sh588,OOMKilled,1,5,45,39f49d98fc584955fc645e887af512a5
ajuizamentoparametrizado,ajuizamentoparametrizado-p,interface,interface-6b94b59b49-bp6tn,OOMKilled,1,5,45,1f0e838697a1061bc4ec7f7872241b15
sinespppe,sinespppe-d,jaeger,jaeger-f877654f8-7dlwl,OOMKilled,1,5,45,35d9aa5e1c8703fae7f3c291cc7dc20d
sinespppe,sinespppe-p,jaeger,jaeger-b65969cbf-dwm6n,OOMKilled,1,5,45,9d63920382543c00c20d017871f9c390
autentikus,autentikus-v1,jboss-authn,jboss-authn-5d4ffd4867-59h5c,OOMKilled,1,5,45,a35bb084b356f1f8f6a56394bfe679c0
sigepe-talentos,sigepe-talentos-desenv,kibana,kibana-7f6d879bd4-fb98k,OOMKilled,1,5,45,1a780964427797d128a7fa5a96ca2e4a
handson,handson-kopiamon,kopiamon-grafana,kopiamon-grafana-56d7cbfc7f-rxrqm,OOMKilled,1,5,45,71ffb9685e73d81a4bd23b3fee569509
krfb,krfb-rnf,krfb-activemq-artemis,krfb-activemq-artemis-64bd8669f6-xxnv6,OOMKilled,1,5,45,ffdb935e97a6dd0530958526e31dc129
krfb,krfb-desenvolvimento,krfb-gerencial,krfb-gerencial-6f985db4bc-d8df2,OOMKilled,1,5,45,03eb5df275e43bba276bdc3df51391f0
krfb,krfb-tagerencial,krfb-gerencial,krfb-gerencial-bf775586d-5tqth,OOMKilled,1,5,45,d47cbe23afbf24af005ade2151a44cef
krfb,krfb-desenvolvimento,krfb-servicos-auth,krfb-servicos-auth-56c86f67f6-857lx,OOMKilled,1,5,45,aac31163b4a30e54e424a25207b55b41
krfb,krfb-homologacao,krfb-servicos-auth,krfb-servicos-auth-5d7f8869c7-f9698,OOMKilled,1,5,45,9f8afd7e6b54410936db7027db1fe498
krfb,krfb-testes,krfb-servicos-auth,krfb-servicos-auth-56bfdf776d-thr4s,OOMKilled,1,5,45,5e6a7f9b50c6ef5a41f9b8311c90e9b8
leilao,leilao-hom,leilao-database-migrations,leilao-database-migrations-f7f6cdd84-9j9l2,OOMKilled,1,5,45,0c21d23aaf58a9722c065b3dc3bb8ea5
leilao,leilao-pro,leilao-database-migrations,leilao-database-migrations-7885d45f75-gfw5g,OOMKilled,1,5,45,2b35076166d203ec88e1724eb18b02de
listadevedores,listadevedores-p,listadev-spring-api,listadev-spring-api-646db6b6d4-7j2j9,OOMKilled,1,5,45,944d67799d1c2b6eba5b713da969bed4
listadevedores,listadevedores-p,listadev-spring-api,listadev-spring-api-646db6b6d4-9kgw7,OOMKilled,1,5,45,4335168e3959c97e638588dd0cc2334c
listadevedores,listadevedores-p,listadev-spring-api,listadev-spring-api-646db6b6d4-fjwkc,OOMKilled,1,5,45,25a3c0d740e83844e2fe5f7beccda3d3
listadevedores,listadevedores-p,listadev-spring-api,listadev-spring-api-646db6b6d4-q4hrd,OOMKilled,1,5,45,4cc21d3c14e81a8ec8f5396aa833a7d9
listadevedores,listadevedores-p,listadev-spring-api,listadev-spring-api-646db6b6d4-vpnbh,OOMKilled,1,5,45,685e32fa60344c2653cd8fc1413883fe
listadevedores,listadevedores-p,listadev-spring-api,listadev-spring-api-646db6b6d4-xr8fp,OOMKilled,1,5,45,f76c21d1dc8ef75612cce96e3421511a
portalcadastro,portalcadastro-p,listas,listas-7c88d9ff57-m84sn,OOMKilled,1,5,45,a4390bd039e5270efdadd518396d48a6
handson,handson-litestreamon,litestreamon-grafana,litestreamon-grafana-c75c9f5bb-sv2m8,OOMKilled,1,5,45,a2837ed9512ae4112b218616a0aa7101
handson,handson-litestreamon,litestreamon-prometheus,litestreamon-prometheus-5b94fc7db-9wffm,OOMKilled,1,5,45,5f7b524e1af80fdf14ca4b80116ab7fc
cdnia,cdnia-d,m,m-65f65f4d94-dhgpz,OOMKilled,1,5,45,d97e3cd80cf6e3a8179b2df5d2055a86
siconv,siconv-h,maisbrasil-api-back,maisbrasil-api-back-78b9f7c94c-b8phd,OOMKilled,1,5,45,6d80b074946d437fdd7c99e290798667
siconv,siconv-p,maisbrasil-cadastro-backend,maisbrasil-cadastro-backend-6cdfd8f58-dbt7h,OOMKilled,1,5,45,2625b91e8affe227147154060ff861f6
siconv,siconv-p,maisbrasil-ted-backend,maisbrasil-ted-backend-5cd6754d75-4gprh,OOMKilled,1,5,45,dccf7f88343058919efb16a081afc18a
siconv,siconv-tre,maisbrasil-ted-backend,maisbrasil-ted-backend-67f9c88bb-gppqf,OOMKilled,1,5,45,be3dc75b285325b7165855402d313f45
siconv,siconv-tre,maisbrasil-transferencia-grpc,maisbrasil-transferencia-grpc-9f6c74889-2thr7,OOMKilled,1,5,45,38ab8c9c6651dd4f06bd6cdf6840e3b5
idpro,idpro-p,manager-api,manager-api-6b55d44645-jwz94,OOMKilled,1,5,45,e4f24a1b17f529d8849e18c22fc04c7d
sfitweb,sfitweb-p,mensagem,mensagem-6975bc6d8f-v8vb4,OOMKilled,1,5,45,a966aea8b2eecc8c7a6ef861d43bc32f
mercurio,mercurio-des,mercurio-backend,mercurio-backend-7ddd4dcdbd-2dm94,OOMKilled,1,5,45,2b32070ece57d4c50919b2b8a6dff272
dedat,dedat-labcms,mqtt-certificate,mqtt-certificate-8b98fb9d6-t7pcz,OOMKilled,1,5,45,9c6cf1703136e9a8be00d13d2fb7b41e
appgovbr,appgovbr-p2,nats-go-consumer,nats-go-consumer-86b7f5d8c6-27x8w,OOMKilled,1,5,45,0c31fed24af1e2926e2c3d42c7b592e6
appgovbr,appgovbr-p2,nats-go-consumer,nats-go-consumer-86b7f5d8c6-2x2xg,OOMKilled,1,5,45,62bbaf47be831622720e759cad40b488
appgovbr,appgovbr-p2,nats-go-consumer,nats-go-consumer-86b7f5d8c6-62gn2,OOMKilled,1,5,45,08405489ed26864750c390d228112d96
appgovbr,appgovbr-p2,nats-go-consumer,nats-go-consumer-86b7f5d8c6-6lh4d,OOMKilled,1,5,45,2a9182afb5f93551cb9048b152013ea3
appgovbr,appgovbr-p2,nats-go-consumer,nats-go-consumer-86b7f5d8c6-8rrzg,OOMKilled,1,5,45,4b9eb8ad948a141fafc774bda65c1dd8
appgovbr,appgovbr-p2,nats-go-consumer,nats-go-consumer-86b7f5d8c6-b7mw9,OOMKilled,1,5,45,66a74ad903b24e1c2cee5b2081cf0947
appgovbr,appgovbr-p2,nats-go-consumer,nats-go-consumer-86b7f5d8c6-d8n9q,OOMKilled,1,5,45,39f4fb28f45ea06b8c2b9135da86ce20
appgovbr,appgovbr-p2,nats-go-consumer,nats-go-consumer-86b7f5d8c6-dmqlm,OOMKilled,1,5,45,763836ed47bdc53a7a9578d77400825e
appgovbr,appgovbr-p2,nats-go-consumer,nats-go-consumer-86b7f5d8c6-j8jtx,OOMKilled,1,5,45,f80a38228945f73e47a383db3c2c6281
appgovbr,appgovbr-p2,nats-go-consumer,nats-go-consumer-86b7f5d8c6-ml8v5,OOMKilled,1,5,45,e48a6f1d9c172a0e1a6d838a52e703f8
appgovbr,appgovbr-p2,nats-go-consumer,nats-go-consumer-86b7f5d8c6-ng62r,OOMKilled,1,5,45,fd0ba1387f3f497b551f8d18b4e4039b
appgovbr,appgovbr-p2,nats-go-consumer,nats-go-consumer-86b7f5d8c6-p2t7m,OOMKilled,1,5,45,0e3435c3c994ca822983f7003fadf01a
appgovbr,appgovbr-p2,nats-go-consumer,nats-go-consumer-86b7f5d8c6-r49nw,OOMKilled,1,5,45,e581927d9c7f8160a2d2d2efd73f71e9
appgovbr,appgovbr-p2,nats-go-consumer,nats-go-consumer-86b7f5d8c6-rnw66,OOMKilled,1,5,45,abb9b149216deb872079b453b8b3104a
appgovbr,appgovbr-p2,nats-go-consumer,nats-go-consumer-86b7f5d8c6-sgrpx,OOMKilled,1,5,45,129eb50630ae978a8298573d28ca441d
appgovbr,appgovbr-p2,nats-go-consumer,nats-go-consumer-86b7f5d8c6-trzt6,OOMKilled,1,5,45,24e818f9f60e996a0ecc1d326a4fb0f5
appgovbr,appgovbr-p2,nats-go-consumer,nats-go-consumer-86b7f5d8c6-vrf6w,OOMKilled,1,5,45,c1ee08292b289b38f543acd682e045f7
appgovbr,appgovbr-p2,nats-go-consumer,nats-go-consumer-86b7f5d8c6-vtntd,OOMKilled,1,5,45,b24859190a128b253a473f7caa81f265
appgovbr,appgovbr-p2,nats-go-consumer,nats-go-consumer-86b7f5d8c6-w4jfz,OOMKilled,1,5,45,8c261ffde8533460421acde53e679096
appgovbr,appgovbr-p2,nats-go-consumer,nats-go-consumer-86b7f5d8c6-wzwpp,OOMKilled,1,5,45,f149cc0f3a910774ce34832cb2a353ee
datavalidp,datavalidp-p,nats-node-8,nats-node-8-74c4d96495-hdvpm,OOMKilled,1,5,45,4c3269f4d22051eab5b5b895f87d7766
nfse,nfse-p,nfse-adn-recepcao-api,nfse-adn-recepcao-api-5946dc46fc-xsmvl,OOMKilled,1,5,45,28ca378b2609df4a69af36c3dd2ef432
esmon,esmon-pr,node,node-6cc474c74d-gh9rb,OOMKilled,1,5,45,7348b7dc1d83498e2864393efef3a312
redesimservicos,redesimservicos-d,notifica-deferimentos-batch,notifica-deferimentos-batch-1667461740-rc275,OOMKilled,1,5,45,3d3efba4e75357b136be8c4221a52788
sabia,sabia-p,nucam-api,nucam-api-7777bdffdd-99gwn,OOMKilled,1,5,45,a71507059314f3c6b52f0838e3f79c6e
faturamento,faturamento-p,pagamento,pagamento-78dffcbbf4-8wzbf,OOMKilled,1,5,45,d6e5ac6e06eaaa67aa181a672f7fd235
puma,puma-prod,pgfn-batchs,pgfn-batchs-566c575b56-q5g8z,OOMKilled,1,5,45,626377436cc79bdd9d4a01d7e331c5bd
sccpgim,sccpgim-prod,pgim-backend,pgim-backend-54c6cc6c8-qhnmb,OOMKilled,1,5,45,94c3b45e7f9064d5bf1ae0f11b967ce4
sccpgim,sccpgim-prod,pgim-backend,pgim-backend-54c6cc6c8-zg4s8,OOMKilled,1,5,45,9d79c804f171aad32bc9d7cba0544cff
brcidadao,brcidadao-p,picturescalingv1,picturescalingv1-84977dfdb4-78xw6,OOMKilled,1,5,45,203cb29937838613d640579abea319be
cdnps,cdnps-podipsdf,podips-reader,podips-reader-989865855-c6vpk,OOMKilled,1,5,45,359a719167f15efa05042a9c90ad45a6
cdnps,cdnps-podips,podips-reader,podips-reader-5dd44888df-z6ch7,OOMKilled,1,5,45,e70aaf29cb288057dfdb222023dace85
ws-sne,ws-sne-sneplusdes,portal-servicos-email,portal-servicos-email-667cb4b56f-9gg94,OOMKilled,1,5,45,c29ace9a58967df020cea8dc21d62d35
ws-sne,ws-sne-sneplusdes,portal-servicos-email,portal-servicos-email-667cb4b56f-d7k4r,OOMKilled,1,5,45,b4c6342f0c526a5b5aa1005959bb912e
psdenatran,psdenatran-p,portalservicos-acesso,portalservicos-acesso-548486f7-jjch7,OOMKilled,1,5,45,7ec52a092812416a2afb9d9b48644416
psdenatran,psdenatran-p,portalservicos-acesso,portalservicos-acesso-548486f7-xvrwp,OOMKilled,1,5,45,848afddfffa9ea0f0aefd5cf455e833d
piscofins,piscofins-hom,ppcf-backend-manutencao,ppcf-backend-manutencao-8676746f57-vzmdb,OOMKilled,1,5,45,0709aa18f7faa341f25da60fa5ea2c8d
siafi,siafi-mon,pr,pr-65458dff8c-j26nd,OOMKilled,1,5,45,d0ab17fb2a839bcc2f1e8cf313299f1e
precadininternet,precadininternet-p,pre-cadin-internet,pre-cadin-internet-6c974b7688-k4st5,OOMKilled,1,5,45,4e7141a475b52c19c1db6cea9b168862
precadininternet,precadininternet-p,pre-cadin-internet,pre-cadin-internet-6c974b7688-pqjr5,OOMKilled,1,5,45,406cc75a145f3a4a6ff580cdcbec06ff
sinter,sinter-p,procextrn,procextrn-7cd48d8c67-b5zfk,OOMKilled,1,5,45,7e1fa42c8e895268f96841d6831b3373
proc-fgtsd,proc-fgtsd-d,procuracoes-backend-java,procuracoes-backend-java-8c6594b4c-knp75,OOMKilled,1,5,45,d2cf9639200c13ca9fe8662a2f7a76cc
proc-fgtsd,proc-fgtsd-v,procuracoes-backend-java,procuracoes-backend-java-6c5b66486d-z5hf6,OOMKilled,1,5,45,8f247dd85babddb67b815eaccf77aa2d
recomgov,recomgov-mondf,prometheus,prometheus-c84468f84-dbdqb,OOMKilled,1,5,45,8b91b0e8cf86a99eb2690048920070ce
appgovbr,appgovbr-mon,prometheus,prometheus-85fc9b5cfc-6r4jq,OOMKilled,1,5,45,ce628e9ac1198b994b643224e0b0542d
assiste,assiste-monitoracao,prometheus,prometheus-54d9884fc7-wlk5m,OOMKilled,1,5,45,262b89d1cc0bf17ed8690bcb38c90f93
bcadastros,bcadastros-mon,prometheus,prometheus-5b846f6454-ls6nj,OOMKilled,1,5,45,2f86769bc74ecfd2bfd35c06c346af70
bilcd,bilcd-mon,prometheus,prometheus-6df5b6d9b7-85vfk,OOMKilled,1,5,45,1ff4397ec3234fb0ef9fe54d8c3f2945
carteiradigital,carteiradigital-mon,prometheus,prometheus-685cdf8cf9-wnv6s,OOMKilled,1,5,45,32fc29d961b9428e238a1ac5034b792e
custos,custos-mon,prometheus,prometheus-7dc8557bff-dq6jt,OOMKilled,1,5,45,c05ee04e691f997d80ab1e6f1b87753c
portalunico,portalunico-mon,prometheus,prometheus-598545549c-zv5bw,OOMKilled,1,5,45,4c194e7eef400a4c2c76be9b34c161c8
puma,puma-mon,prometheus,prometheus-5bd6fc44cd-s8n67,OOMKilled,1,5,45,349ea0410cb352734265b65b9af6e1e6
renavam,renavam-mon,prometheus,prometheus-64f98ffc4-76s66,OOMKilled,1,5,45,86b2aaad86c36afccd0346fd51468a2f
renave,renave-mon,prometheus,prometheus-c4f8bd46f-qdcvh,OOMKilled,1,5,45,706ae6aa1efd7dbaee588835ec94d614
siscomex-di,siscomex-di-mon,prometheus,prometheus-75b6b4d896-7xzlj,OOMKilled,1,5,45,1c07235f155cb5d2465e64170414dd15
spednfe,spednfe-mon,prometheus,prometheus-6f64ff5d87-9cfvf,OOMKilled,1,5,45,48f303f0ee1396d75e3c9b99b65ba4f5
baas,baas-monbsa,prometheus-df,prometheus-df-5546df7854-cvkpz,OOMKilled,1,5,45,a0e71cdde166e6071a4bd6cecc70e8cc
integracontador,integracontador-m,prth,prth-6889877679-xgkd9,OOMKilled,1,5,45,db0baad1f78de8532d45eecdac140fe8
pucomex-ccta-priv,pucomex-ccta-priv-tre,pucomex-ccta-recepcao,pucomex-ccta-recepcao-588b4d97b9-7mrg4,OOMKilled,1,5,45,4d23efb1f2ea7291eff8a2ef38b71d30
pucomex-gate,pucomex-gate-pro,pucomex-gate-sped,pucomex-gate-sped-75c569dc5c-7xc7q,OOMKilled,1,5,45,dcb9303f443b99fb88f246aa56e89cd5
pucomex-gate,pucomex-gate-pro,pucomex-gate-sped,pucomex-gate-sped-75c569dc5c-n4l69,OOMKilled,1,5,45,ae9c8a247fbac6057fb2f8a9d79f8595
pucomex-gate,pucomex-gate-pro,pucomex-gate-sped,pucomex-gate-sped-75c569dc5c-rrmqt,OOMKilled,1,5,45,75a78768416eb5bbc5faa52023a78026
pucomex-gate,pucomex-gate-pro,pucomex-gate-sped,pucomex-gate-sped-75c569dc5c-rvswh,OOMKilled,1,5,45,8e86da6025b9744826339064d67f2775
observaserpro,observaserpro-d,r1-valid,r1-valid-57fc7f9f48-cgq45,OOMKilled,1,5,45,e738bc1122365ffa09ac8d52116c9400
spunet,spunet-pro,rabbitmq-expoter,rabbitmq-expoter-6d487dddc8-cxr4b,OOMKilled,1,5,45,7b1621af6d80ff2715eaede64047d3fd
raia,raia-d,raia-backend,raia-backend-74694fc74f-m57wc,OOMKilled,1,5,45,ff8684a8655b6c45259332ddd975ccee
carteiradigital,carteiradigital-p,recall,recall-7f7b94b54d-2qnb6,OOMKilled,1,5,45,85c29f017b4d1e5c54d4f4afc838a0be
carteiradigital,carteiradigital-p,recall,recall-7f7b94b54d-65lnq,OOMKilled,1,5,45,acdb0293f96a45ba98e8ea10f5e72e49
sigepe-talentos,sigepe-talentos-producao,redis-talentos,redis-talentos-f75fd987d-mg5gp,OOMKilled,1,5,45,596e4f0940a92bc9eb7a490245d68745
reinf,reinf-pro,reinf-painel,reinf-painel-7969c75958-787zp,OOMKilled,1,5,45,8f96e85298a2c32e538df588828a8786
reintegra,reintegra-h,reintegra-springbatch,reintegra-springbatch-d57c6fcb6-njz7q,OOMKilled,1,5,45,5582a2cc0c755efa9fe05b5531d43a56
reintegra,reintegra-p,reintegra-springbatch,reintegra-springbatch-54c9655d64-sj75f,OOMKilled,1,5,45,868850e7bd9d896f9bee7c82d373c40c
siapa,siapa-pro2,relatorio-acomp,relatorio-acomp-94bfdc9fc-6r4d8,OOMKilled,1,5,45,abca5d824ae62ab97fae53d54deeba5e
renachservice,renachservice-mon,renach-condutor-service-prth,renach-condutor-service-prth-9bb78b9ff-64qnx,OOMKilled,1,5,45,bf1ffbec771f70b8332034c5198e6270
renavam,renavam-pro,renavam-integrador-consulta,renavam-integrador-consulta-58586d658d-d4qhz,OOMKilled,1,5,45,28213a2d5afa6feb06fa652ee9cae74e
renavam,renavam-pro,renavam-integrador-transaciona,renavam-integrador-transaciona-864d7f464d-48wsl,OOMKilled,1,5,45,f2eb3508c25224d95bac90196efb28b2
renavam,renavam-pro,renavam-integrador-transaciona,renavam-integrador-transaciona-864d7f464d-5rwzv,OOMKilled,1,5,45,dad8b2dd7f15299416a1098247f8347b
renavam,renavam-pro,renavam-integrador-transaciona,renavam-integrador-transaciona-864d7f464d-978sg,OOMKilled,1,5,45,7e7bd2c9218e1b1b479ec2b151a4ee0b
renavam,renavam-pro,renavam-integrador-transaciona,renavam-integrador-transaciona-864d7f464d-bhbkl,OOMKilled,1,5,45,c53508b9eb6f3be0931fb8cb7d1c9aa9
renavam,renavam-pro,renavam-integrador-transaciona,renavam-integrador-transaciona-864d7f464d-c44dz,OOMKilled,1,5,45,266f67b44b6b89fa6c4e1bf70238ec28
renavam,renavam-pro,renavam-integrador-transaciona,renavam-integrador-transaciona-864d7f464d-cx9cj,OOMKilled,1,5,45,4cb39872fe645233ee642bbc17391474
renavam,renavam-pro,renavam-integrador-transaciona,renavam-integrador-transaciona-864d7f464d-ft7ct,OOMKilled,1,5,45,091b9c4a301815e284b6ce9f64fed228
renavam,renavam-pro,renavam-integrador-transaciona,renavam-integrador-transaciona-864d7f464d-fw8kz,OOMKilled,1,5,45,d09163ea797d1dbf4bf499f24f1e483a
renavam,renavam-pro,renavam-integrador-transaciona,renavam-integrador-transaciona-864d7f464d-g67xk,OOMKilled,1,5,45,ecbed9db2f2619ab4b8d51b5a833cb3e
renavam,renavam-pro,renavam-integrador-transaciona,renavam-integrador-transaciona-864d7f464d-hrrgk,OOMKilled,1,5,45,8469a16a80046069ef333de64279dfd6
renavam,renavam-pro,renavam-integrador-transaciona,renavam-integrador-transaciona-864d7f464d-tbwrq,OOMKilled,1,5,45,f643e102f1d1a0828b538badf95fbcec
renavam,renavam-pro,renavam-integrador-transaciona,renavam-integrador-transaciona-864d7f464d-vs5v2,OOMKilled,1,5,45,44b0478e0e992d5a94f602fc6cad613f
retsam,retsam-hom,retsam-core-malha-dctf,retsam-core-malha-dctf-7cd559cb4b-b64tk,OOMKilled,1,5,45,d8de7cddcfa1f5856799640e3dade78c
retsam,retsam-prod,retsam-core-malha-reinf,retsam-core-malha-reinf-59cf57b476-g7s57,OOMKilled,1,5,45,f7520dd6c27969fca868f7ae109cc058
retsam,retsam-prod,retsam-core-malha-reinf,retsam-core-malha-reinf-59cf57b476-k4rjd,OOMKilled,1,5,45,ee69e001271edb41f48e5731556fedaf
retsam,retsam-prod,retsam-core-malha-reinf,retsam-core-malha-reinf-59cf57b476-nxzjf,OOMKilled,1,5,45,d1d6f7636539748430577f2ba5de3491
retsam,retsam-prod,retsam-core-malha-reinf,retsam-core-malha-reinf-59cf57b476-rdvjl,OOMKilled,1,5,45,9105cbc1ccc097eeb5aaaa284e895540
reuse,reuse-p,reuse-backend,reuse-backend-699cff88cd-bsv4v,OOMKilled,1,5,45,882ad1d8c160ac1756931136de50c664
rendavar,rendavar-revarmon,revar-grf,revar-grf-7bf9478455-6spxc,OOMKilled,1,5,45,162e20ced42d37e3dd3f0ec36363283d
rendavar,rendavar-revarhom,revarserver,revarserver-88cdf9f7-4ct8x,OOMKilled,1,5,45,cb08709003b21c9bd155d1af342ac020
rendavar,rendavar-revarhom,revarservertest,revarservertest-66cf65ddfc-s74j7,OOMKilled,1,5,45,7949128c05436ac2a9b933ca11ef5736
sinter,sinter-p,rlrtd,rlrtd-c696b6f86-gdgdv,OOMKilled,1,5,45,b8645037af54e35030669b9a0b12aec5
rnpcservice,rnpcservice-p,rnpc,rnpc-84df77d548-cqjkj,OOMKilled,1,5,45,aba65ea7597a556d92b92f3859e93c13
rnpcservice,rnpcservice-p,rnpc,rnpc-84df77d548-g8tgn,OOMKilled,1,5,45,f5efae6559cf36b418bb0300ffcc6152
rnpcservice,rnpcservice-p,rnpc,rnpc-84df77d548-l8ccs,OOMKilled,1,5,45,a3420fdba3f1ddd9e39deecb7ae9a776
rnpcservice,rnpcservice-p,rnpc,rnpc-84df77d548-ld9np,OOMKilled,1,5,45,bbafeb2305670c98dd45051ec94fae01
rnpcservice,rnpcservice-p,rnpc,rnpc-84df77d548-wxrrv,OOMKilled,1,5,45,a3dd4b74a049d786980f0dc08f6cf530
cnirsrvinter,cnirsrvinter-pro,robo,robo-54c845949d-pp5l2,OOMKilled,1,5,45,90947b10a13710812088d39b9b749260
cnirsrvinter,cnirsrvinter-tes,robo,robo-75c77f486f-hscbd,OOMKilled,1,5,45,aa37e4ebc2869a4316d1e79f9d5589bf
estaleirochat,estaleirochat-prodchat,rocketchat,rocketchat-f65b99464-44rl9,OOMKilled,1,5,45,76492ee5acb8cc0c606e9f13c0eb2e87
estaleirochat,estaleirochat-prodchat,rocketchat,rocketchat-f65b99464-9mx84,OOMKilled,1,5,45,bc20513e95e3eb0f9080d138985c58e5
estaleirochat,estaleirochat-prodchat,rocketchat,rocketchat-f65b99464-f54ng,OOMKilled,1,5,45,9289be8de482beff72ce83bf554cea10
estaleirochat,estaleirochat-prodchat,rocketchat,rocketchat-f65b99464-ghvl4,OOMKilled,1,5,45,2a7e0446c17d158962c96438dd7b6331
estaleirochat,estaleirochat-prodchat,rocketchat,rocketchat-f65b99464-kpzb5,OOMKilled,1,5,45,2278e13f7ba5dfc799fac20cfba5b943
estaleirochat,estaleirochat-prodchat,rocketchat,rocketchat-f65b99464-xgr6b,OOMKilled,1,5,45,414b804dc405a80b859186772bb95f62
embarqueseguro,embarqueseguro-p,sbp-parser-apipnr,sbp-parser-apipnr-7564d4d499-tn4g9,OOMKilled,1,5,45,a0bb8bb841619b7c8a7d3b10b1ba3223
embarqueseguro,embarqueseguro-p,sbp-receiver-inspection,sbp-receiver-inspection-678585cbbc-v9dr8,OOMKilled,1,5,45,540f748e4d080fca6e6781312e46ff87
embarqueseguro,embarqueseguro-homol,sbp-web-audit-boarding,sbp-web-audit-boarding-66cb5f84fb-kmjb6,OOMKilled,1,5,45,dd97c0f865855904242b1e5f3eda2551
embarqueseguro,embarqueseguro-p,sbp-web-audit-boarding,sbp-web-audit-boarding-5db948555f-879wl,OOMKilled,1,5,45,37eaaee6b79d94bdff516aa1c8f87c3a
embarqueseguro,embarqueseguro-t,sbp-web-audit-boarding,sbp-web-audit-boarding-587dd76bf4-r5ph7,OOMKilled,1,5,45,531b67a75751c6c6052c24b4bb153559
bcadastros,bcadastros-des,serpro-orderer1,serpro-orderer1-f45986f8c-dqvf2,OOMKilled,1,5,45,3e13e5d92c70b88b01f87d2bee878e1f
bcadastros,bcadastros-des,serpro-orderer2,serpro-orderer2-8585bd968c-ppqxl,OOMKilled,1,5,45,af3fa7c0d6c5b3d27a9692754911228f
pucomex-raes-priv,pucomex-raes-priv-hom,service,service-75c579dfdb-jctkx,OOMKilled,1,5,45,6e3b44d36abfe29cc5733dff0de29a21
ctma,ctma-pro,servico,servico-5799494bdb-72nmm,OOMKilled,1,5,45,7674a47c77798ae01cafe66c80883a68
reinf,reinf-rnf,servico-processamento,servico-processamento-5f5599c75d-49w5k,OOMKilled,1,5,45,e898c0b62fe7b4cd6cc93f9428b01bbc
reinf,reinf-rnf,servico-processamento,servico-processamento-5f5599c75d-c96m6,OOMKilled,1,5,45,50741fa2f9db9ac152437e12aea39ce5
spunet,spunet-pro,servicos-online,servicos-online-6b546d56b5-4hrnb,OOMKilled,1,5,45,2f5c98211a23f28684f4bf5487aa913e
spunet,spunet-pro,servicos-online,servicos-online-6b546d56b5-qcw4h,OOMKilled,1,5,45,f821f2950c5a59cf6d6f2c61c75833ef
spunet,spunet-pro,servicos-online,servicos-online-6b546d56b5-svrr2,OOMKilled,1,5,45,e252587b9d08fbf5d197e3ca62fd41a4
spunet,spunet-pro,servicos-online,servicos-online-6b546d56b5-tw4fw,OOMKilled,1,5,45,237a88d426d69c984c74b81faeb21b98
spunet,spunet-pro,servicos-online,servicos-online-6b546d56b5-wp2dk,OOMKilled,1,5,45,ef9bf63e9c6a34a23ccfd9fab8d4c911
assinadorserpro,assinadorserpro-pro,showcase,showcase-79978d8f5-gxq5m,OOMKilled,1,5,45,747b01f97b11a3e57fe758eeca04c58a
siapa,siapa-hom,siapa-remicao,siapa-remicao-6768748955-q7qfr,OOMKilled,1,5,45,8eb4218f5eb13b4791d1048a410c689c
siapa,siapa-pro,siapa-remicao,siapa-remicao-5875d97fff-t28wk,OOMKilled,1,5,45,b0a8b80f88308803560c59c44175506f
siconv,siconv-p,siconv-vrpl-backend,siconv-vrpl-backend-55b666988f-7j98r,OOMKilled,1,5,45,5c04fe75ca7ed33a67f57fc13d08128d
siconv,siconv-p,siconv-vrpl-backend,siconv-vrpl-backend-55b666988f-fptbb,OOMKilled,1,5,45,e1713466f57cafc24770723706921395
sida,sida-p,sida-conta-corrente-api,sida-conta-corrente-api-7989dc9b9-5vxpt,OOMKilled,1,5,45,df334bc9d8660ec3e7fe35bb062c656d
sida,sida-d,sida-crypto-api,sida-crypto-api-1667464560-66dbj,OOMKilled,1,5,45,da79edfa632222b50576b5ded1929262
sida,sida-h,sida-sicar-api,sida-sicar-api-d898457fd-5zgxw,OOMKilled,1,5,45,8ba156e03ef5a52f50d317319fdb983f
sief-fpem,sief-fpem-pro,sief-fpem-batch,sief-fpem-batch-5c7ccd5fcb-6cswn,OOMKilled,1,5,45,ae20758c0a99b338b6f29b07f9a254f9
sief-fpem,sief-fpem-pro,sief-fpem-suite-rfb-api,sief-fpem-suite-rfb-api-7889cbd57b-7zjhz,OOMKilled,1,5,45,3da1ac8cd18b1ac06161c0fff093eef9
sieftom,sieftom-prod,sieftom-elasticsearch-krakend,sieftom-elasticsearch-krakend-656fdf99f7-hf5jg,OOMKilled,1,5,45,669ce7a93a959d704886e53e593bbfb6
sigaibama,sigaibama-des,siga-bpm,siga-bpm-746c7f7b6d-qcm6m,OOMKilled,1,5,45,11e003a607c89b96d8aca81b4289532b
sigaibama,sigaibama-hom,siga-bpm,siga-bpm-776bd78b55-hxhrn,OOMKilled,1,5,45,2c441617d07146c13f3f03a80860691b
sigaibama,sigaibama-prod,siga-fca,siga-fca-b5cbc99d6-fn99v,OOMKilled,1,5,45,c03bbef4b1252b54b377985d58e21a10
sabia,sabia-h,siger-api,siger-api-66477fc6d6-s7flg,OOMKilled,1,5,45,40260321c7be6598f76ce987aa1df775
sabia,sabia-p,siger-api,siger-api-fbb48cdc7-rmddc,OOMKilled,1,5,45,95e7781e02ea9aaa0b4cbb74dca96d1a
sinaflor,sinaflor-prod,sinaflor-autorizacao,sinaflor-autorizacao-546fb6967d-p2msc,OOMKilled,1,5,45,99b00b0c959457cb40c43cde11995fdb
sinespgateway,sinespgateway-prod,sinespgatewaylogger,sinespgatewaylogger-8495847bc5-r967v,OOMKilled,1,5,45,52e37aaeb7baaa0f4890a92b34e0435a
sipac,sipac-h,sipac-backend,sipac-backend-565f54d44-s4tkc,OOMKilled,1,5,45,aac684257f1c7e54ced02e6cb37d60b1
sipac,sipac-p,sipac-backend,sipac-backend-599487dfc7-ltmj6,OOMKilled,1,5,45,90ab980059457b93d05e40a8e4030848
embarqueseguro,embarqueseguro-p,sisbraip-vu,sisbraip-vu-5dc8b47c68-ftpxv,OOMKilled,1,5,45,2a3de364f4de2516de4df5588681b286
embarqueseguro,embarqueseguro-p,sisbraip-vu,sisbraip-vu-5dc8b47c68-h22fq,OOMKilled,1,5,45,049f30d3e9b9ad2b0b9ee8e6612fc6da
embarqueseguro,embarqueseguro-p,sisbraip-web-inspection,sisbraip-web-inspection-8499b9dfd5-p7mnv,OOMKilled,1,5,45,a97cc12edfc00b5f4dbf5dd4394b900b
siscat,siscat-p,siscat-analista,siscat-analista-7cfb9488bb-tqfl6,OOMKilled,1,5,45,49c1ed4e09c4c852976162a1dc032496
siscat,siscat-p,siscat-email,siscat-email-867df458d8-56jwh,OOMKilled,1,5,45,6e139d739bd0afc06e3b021033882ff1
siscat,siscat-p,siscat-relatorios,siscat-relatorios-d69748d85-kg9k5,OOMKilled,1,5,45,46891c5359827f8d47833cfc8415226b
siscat,siscat-d,siscat-requerente,siscat-requerente-5696cbc85-gf4zt,OOMKilled,1,5,45,7fa2c3534797269b0d5ec8247b0c2274
siscat,siscat-p,siscat-requerente,siscat-requerente-7c65f5c6f5-q5c97,OOMKilled,1,5,45,03b0302f08ded631c9abdcbc05aca489
siscat,siscat-p,siscat-requerente,siscat-requerente-7c65f5c6f5-wzz5l,OOMKilled,1,5,45,bc976bfef8a494e952c59adfe8ce4065
ws-sne,ws-sne-snepluspro,sne-integrador,sne-integrador-78fd5bcd67-58msv,OOMKilled,1,5,45,1ab674450a46d8712a1f7ea8c98a0d44
ws-sne,ws-sne-snepluspro,sne-integrador,sne-integrador-78fd5bcd67-5cnm9,OOMKilled,1,5,45,a72ef302b0a6b5c3be67756ab8e1bb03
ws-sne,ws-sne-snepluspro,sne-integrador,sne-integrador-78fd5bcd67-7b59b,OOMKilled,1,5,45,d6564dcf0fa93b5c39448e0155b14ca0
ws-sne,ws-sne-snepluspro,sne-integrador,sne-integrador-78fd5bcd67-859qh,OOMKilled,1,5,45,e1185ae20854c0f3910b14c8783e7f96
ws-sne,ws-sne-snepluspro,sne-integrador,sne-integrador-78fd5bcd67-8lhmv,OOMKilled,1,5,45,d302cc69c281bfbb67f2dce0814839b9
ws-sne,ws-sne-snepluspro,sne-integrador,sne-integrador-78fd5bcd67-bkb7p,OOMKilled,1,5,45,ea62588c7e4ded7fdc04b3db5c94352f
ws-sne,ws-sne-snepluspro,sne-integrador,sne-integrador-78fd5bcd67-d62qv,OOMKilled,1,5,45,63b480989c5a776e5a300bf326513e05
ws-sne,ws-sne-snepluspro,sne-integrador,sne-integrador-78fd5bcd67-dbqmb,OOMKilled,1,5,45,3207f60bc6e2207b19f79167de7250ae
ws-sne,ws-sne-snepluspro,sne-integrador,sne-integrador-78fd5bcd67-dr8nv,OOMKilled,1,5,45,1d3962a7125d2589d70097223ffb5fa6
ws-sne,ws-sne-snepluspro,sne-integrador,sne-integrador-78fd5bcd67-gcx6x,OOMKilled,1,5,45,73e5c0d2c87727f431b92bef0206bc7b
ws-sne,ws-sne-snepluspro,sne-integrador,sne-integrador-78fd5bcd67-gkg4c,OOMKilled,1,5,45,e42f44d587e5e25b7d6294c47b2cece8
ws-sne,ws-sne-snepluspro,sne-integrador,sne-integrador-78fd5bcd67-gkxwn,OOMKilled,1,5,45,b345c188c426cc6b5a673d14cb315ce4
ws-sne,ws-sne-snepluspro,sne-integrador,sne-integrador-78fd5bcd67-jsh48,OOMKilled,1,5,45,0aa62246cecc373dd420909f242885db
ws-sne,ws-sne-snepluspro,sne-integrador,sne-integrador-78fd5bcd67-jzmlz,OOMKilled,1,5,45,5443a0ccdcfc031bb170feda9887eb55
ws-sne,ws-sne-snepluspro,sne-integrador,sne-integrador-78fd5bcd67-kqz55,OOMKilled,1,5,45,1a9523c4af399bcd2a8bcbca72b4c56b
ws-sne,ws-sne-snepluspro,sne-integrador,sne-integrador-78fd5bcd67-lqxvh,OOMKilled,1,5,45,d678dba4fb3755110f817bcb4b15d209
ws-sne,ws-sne-snepluspro,sne-integrador,sne-integrador-78fd5bcd67-mqxxn,OOMKilled,1,5,45,2e389e226f739cc3347033a876860e5a
ws-sne,ws-sne-snepluspro,sne-integrador,sne-integrador-78fd5bcd67-rrvz9,OOMKilled,1,5,45,cb7a98c76aaed9ee46393e339a37a3cc
ws-sne,ws-sne-snepluspro,sne-integrador,sne-integrador-78fd5bcd67-svqpb,OOMKilled,1,5,45,c3c4dcf27c495640751fb305a40426ef
ws-sne,ws-sne-snepluspro,sne-integrador,sne-integrador-78fd5bcd67-wgcs7,OOMKilled,1,5,45,fd965174b36ea4b4242635b319c6228e
ws-sne,ws-sne-snepluspro,sne-integrador,sne-integrador-78fd5bcd67-ztbpm,OOMKilled,1,5,45,bf93d961d7a030b66e0b00b867bad25b
ws-sne,ws-sne-snepluspro,sne-relatorios,sne-relatorios-644c6c7bfb-km55q,OOMKilled,1,5,45,f1fd8122f561e6e1aa9975e62baf069b
dedat,dedat-springdev,spring-boot-dominiosief,spring-boot-dominiosief-586f77fd8c-p9kjv,OOMKilled,1,5,45,b7cb6249998588ddc639d59d78f8c741
spunet,spunet-pro,spunet-storage,spunet-storage-5c7b659447-29g6x,OOMKilled,1,5,45,59cdd9489b18e684c2b9281483e075c7
scaibama,scaibama-t1,sso2,sso2-7ff58f7b9b-5qqtn,OOMKilled,1,5,45,25c23d8501fcd01c7ba36a963e49ec11
svcd,svcd-dauth,svcdsistemas,svcdsistemas-7b94b6ddc7-72nv9,OOMKilled,1,5,45,cb1549b3900acfdacb4631c72221a7fd
irpfonline,irpfonline-rnf,transformador,transformador-f494b448-4kqg6,OOMKilled,1,5,45,2488b03967be3efcbf2d084a95ee32d0
irpfonline,irpfonline-rnf,transformador,transformador-f494b448-x544p,OOMKilled,1,5,45,cdae04e00ed53546f9d14c92d712ca86
harbor,harbor,trivy,harbor-bsa-trivy-1,OOMKilled,1,5,45,559e71f2cefeae2684fa40d74139496e
cadurb,cadurb-rnf,validar-remessa,validar-remessa-d6f5b458b-b7kgb,OOMKilled,1,5,45,c3d00952be3687b5204245f6235f87ef
pavd,pavd-p,vendas,vendas-6d76574988-kn42b,OOMKilled,1,5,45,7acf589e8c567a92852bcb3c5fa1fea8
pavd,pavd-p,vendas,vendas-6d76574988-nw7vb,OOMKilled,1,5,45,00837ba6161d7fc1129f2b863f7ef1cb
pfauto,pfauto-hb,vendas-gestor,vendas-gestor-79c95c6d69-7js8g,OOMKilled,1,5,45,f669855c9cdaec7a9bf96ff464c5f6de
pfauto,pfauto-p,vendas-gestor,vendas-gestor-6f9ff7bddb-hvlhw,OOMKilled,1,5,45,9c0f877aaff80dde4c14fb5f2de4fac6
pfauto,pfauto-p,vendas-gestor,vendas-gestor-6f9ff7bddb-ps9lf,OOMKilled,1,5,45,27b5c2272b4ad7283c3b3a3d16186e7b
esmon,esmon-pr,victoria-metrics,victoria-metrics-64fdc977dc-xldx2,OOMKilled,1,5,45,b9c45ffb1a2f4a0e7e5c5e13052606c7
appgovbr,appgovbr-h,wallet-schedule,wallet-schedule-d4b6d77dd-mh7kc,OOMKilled,1,5,45,cfdfcd469cccda8213448515bcf27e9d
siver,siver-h,web-selecionados,web-selecionados-694ccbdb56-cnckw,OOMKilled,1,5,45,4fc3274ffef7e3789046a5e001334d95
esocialweb,esocialweb-pintra,web-sst-api,web-sst-api-669bfd65fc-2p525,OOMKilled,1,5,45,771017f3ac3ed7c781cf732acd67ffc1
esocialweb,esocialweb-pintra,web-sst-api,web-sst-api-669bfd65fc-nlq7l,OOMKilled,1,5,45,96228532745512b3f5787b47c3b10bfa
esocialweb,esocialweb-pintra,web-sst-api,web-sst-api-669bfd65fc-rb7vz,OOMKilled,1,5,45,bdb56e774a442260ad56f02a9a508aa5
webanalise,webanalise-dev,webanalise-api,webanalise-api-84fdd46d7d-bpk8b,OOMKilled,1,5,45,3d4656c50abe1734a30000dd8f2828e2
webanalise,webanalise-dev,webanalise-api,webanalise-api-84fdd46d7d-vvdlp,OOMKilled,1,5,45,3909b1792b689a774716569ceadc49fc
sinac,sinac-h,ws-cnae-natjur,ws-cnae-natjur-85456dc6ff-ktjn4,OOMKilled,1,5,45,bb0640903d153f86a7c962deea8fd01e
